1.549988881079702452e+00
1.549541555167113671e+00
1.549308164815901279e+00
1.549188858877133868e+00
1.546163428939411943e+00
1.538294802665635785e+00
1.538040964767532159e+00
1.537720523203333300e+00
1.536653432100543171e+00
1.536579348401378553e+00
1.520673018076166727e+00
1.466627348642287387e+00
1.466627060613451050e+00
1.464676701332937370e+00
1.464478483560061051e+00
1.463296268935920352e+00
1.366178324451876591e+00
1.365946279619915771e+00
1.361020370998968332e+00
1.356460828181962341e+00
1.351356280476842642e+00
1.158661965064940347e+00
1.148049060941506383e+00
1.146186038138047536e+00
1.127520743561280625e+00
1.099538605575617112e+00
1.098696446634786383e+00
9.138087488515402868e-01
9.127703969479448176e-01
9.081345077878211214e-01
9.022027079926679960e-01
7.651925278129709795e-01
7.612135988109258733e-01
7.597134652062678128e-01
7.597095991207964971e-01
7.589843403290963408e-01
7.510191036555369237e-01
7.495448188051092586e-01
7.462541783426246411e-01
7.433084446820217295e-01
7.406185326412320080e-01
7.405327903505920517e-01
7.375770140834809752e-01
6.936309909022746467e-01
6.842814764525826376e-01
6.841454530419497360e-01
6.764980972655365576e-01
6.380921004982091915e-01
3.331650977507614186e-01
