2.341007805092267802e-01
2.338438112334060293e-01
2.339470062540591755e-01
2.337331290283195528e-01
2.360125218027881999e-01
2.392265538010960313e-01
2.373306448124914425e-01
2.374082352377513416e-01
2.364295841994668024e-01
2.364678118883425384e-01
2.227590874154010692e-01
1.640344207842794333e-01
1.640395370764409222e-01
1.625601129848774917e-01
1.623907498981012054e-01
1.611883018217490360e-01
5.329714035372390413e-02
5.336417305203156047e-02
5.369269366183004877e-02
5.346053684949936269e-02
5.298230815803250948e-02
5.596781536073436314e-02
5.614460391290876373e-02
5.619877674532602896e-02
5.683432956291056826e-02
5.758386777902302356e-02
5.729456396592524925e-02
6.640032374498616718e-02
6.711952062501680416e-02
6.464428178799863645e-02
6.473009380771088672e-02
4.667172702547262020e-02
4.548401072247187926e-02
4.560807743645867163e-02
4.560576389095061245e-02
4.650447780453959012e-02
4.494417942044393044e-02
4.420348208490665343e-02
4.474415346166438212e-02
4.393489928273197620e-02
4.474683647913479945e-02
4.486425670917881803e-02
4.565219809723330968e-02
5.220274505724731284e-02
5.413095277442891984e-02
5.411885273523253659e-02
5.542224221417768604e-02
6.023468611201820977e-02
7.039013304512664604e-02
